0/3,5,6,7,8,9
1/3,5,6,7,8,9
2/3,5,6,7,8,9
3/3,5,6,7,8,9
4/3,5,6,7,8,9
5/3,5,6,7,8,9
6/2,3,4,5,6,7,8,9
7/2,3,4,5,6,7,8
8/2,3,4,5,6,7,8,9
9/2,3,4,5,6,7,8
10/2,3,4,5,6,7,8,9
11/2,3,4,5,6,7,8,9
12/1,2,3,4,5,7,8
13/1,2,3,4,5,6,7,8
14/1,2,3,4,5,6,7,8
15/1,2,3,4,5,7,8
16/1,2,3,4,5,6,7,8
17/1,2,3,4,5,6,7,8
18/0,1,2,3,4,5,7
19/0,1,2,3,4,5,7
20/0,1,2,3,4,5,7
21/0,1,2,3,4,5,7
22/0,1,2,3,4,5,7
23/0,1,2,3,4,5,7
24/0,1,2,3,4,5,7
25/0,1,2,3,4,5,7
26/0,1,2,3,4,5,7
27/0,1,2,3,4,5,7
28/0,1,2,3,4,5,7
29/0,1,2,3,4,5,7
30/0,1,2,3,4,5,7
31/0,1,2,3,4,5
32/0,1,2,3,4,5
33/0,1,2,3,4,5,7
34/0,1,2,3,4,5,6
35/0,1,2,3,4,5,7
36/0,1,2,4,5
37/0,1,2,3,4,5
38/0,1,2,3,4,5
39/0,1,2,3,4,5
40/0,1,2,3,4,5
41/0,1,2,3,4,5
42/0,1,2,4,5
43/0,1,2,4,5
44/0,1,2,4,5
45/0,1,2,4,5
46/0,1,2,3,4,5
47/0,1,2,4,5
48/0,1,2,4,5
49/0,1,2,4,5
50/0,1,2,4,5
51/0,1,2,4,5
52/0,1,2,4,5
53/0,1,2,3,4,5
54/0,1,2,3,4
55/0,1,2,4,5
56/0,1,2,4,5
57/0,1,2,4,5
58/0,1,2,4,5
59/0,1,2,4,5
60/0,1,2,3,4
61/0,1,2,4
62/0,1,2,4
63/0,1,2,4,5
64/0,1,2,4,5
65/0,1,2,4,5
66/0,1,2,3,4
67/0,1,2,4
68/0,1,2,4
69/0,1,2,4,5
70/0,1,2,4,5
71/0,1,2,4,5
72/0,1,2,4
73/0,1,2,4
74/0,1,2,4
75/0,1,2,4
76/0,1,2,4
77/0,1,2,4
78/3,5,6,7,8,9
79/1,2,3,4,5,7,8
80/0,1,2,3,4,5,7
81/0,1,2,4,5